15
Fusobacterium_necrophorum_subsp._funduliforme_B35 0.0000000 0.0079460 1.6680739 1.7261795 1.6636878 1.6941626 1.6981948 1.4554056 1.3722827 1.4475659 1.9198591 2.6602299 3.0239299 2.6894880 2.8706250 
Fusobacterium_necrophorum_BFTR-2                  0.0079460 0.0000000 1.6689076 1.7133455 1.6592569 1.6890303 1.7051707 1.4473171 1.3659843 1.4445913 1.9271044 2.6558526 3.0183002 2.6752559 2.8654984 
Shinella_sp._DD12                                 1.6680739 1.6689076 0.0000000 0.3390006 0.3371030 0.3331067 0.9662455 1.2091440 1.3228101 1.6473895 1.4766175 3.0898689 3.3078623 2.8908288 3.3969288 
Mesorhizobium_plurifarium                         1.7261795 1.7133455 0.3390006 0.0000000 0.4038685 0.4029259 0.9742503 1.2274356 1.4214741 1.7163216 1.5389789 3.1388103 3.1935819 2.9240171 3.4775816 
Rhizobium_sp._IE4771                              1.6636878 1.6592569 0.3371030 0.4038685 0.0000000 0.0220442 1.0138716 1.2944096 1.4201856 1.6663695 1.5694423 3.0457705 3.3676560 2.7870851 3.4824763 
Rhizobium_leguminosarum_bv._phaseoli_CCGM1        1.6941626 1.6890303 0.3331067 0.4029259 0.0220442 0.0000000 1.0089451 1.2960518 1.4270298 1.6648446 1.5798980 3.0736358 3.3787261 2.8147979 3.5258992 
Bradyrhizobium_japonicum_SEMIA_5079               1.6981948 1.7051707 0.9662455 0.9742503 1.0138716 1.0089451 0.0000000 1.3164018 1.4199037 1.6145986 1.4076025 2.9892806 3.0581277 2.8015739 3.4048233 
Novosphingobium_malaysiense                       1.4554056 1.4473171 1.2091440 1.2274356 1.2944096 1.2960518 1.3164018 0.0000000 1.2662252 1.4349709 1.4173179 3.1189006 3.0588335 2.8123772 3.2203832 
endosymbiont_of_Acanthamoeba_sp._UWC8             1.3722827 1.3659843 1.3228101 1.4214741 1.4201856 1.4270298 1.4199037 1.2662252 0.0000000 1.2736136 1.6945068 2.6790443 2.8474635 2.5569859 3.0935302 
Rickettsia_monacensis                             1.4475659 1.4445913 1.6473895 1.7163216 1.6663695 1.6648446 1.6145986 1.4349709 1.2736136 0.0000000 1.7388773 3.0424244 3.1993509 3.0466529 3.3142730 
Azospirillum_brasilense                           1.9198591 1.9271044 1.4766175 1.5389789 1.5694423 1.5798980 1.4076025 1.4173179 1.6945068 1.7388773 0.0000000 2.9598136 3.1509932 2.7524044 3.3776608 
Campylobacter_jejuni_K5                           2.6602299 2.6558526 3.0898689 3.1388103 3.0457705 3.0736358 2.9892806 3.1189006 2.6790443 3.0424244 2.9598136 0.0000000 1.2235742 1.2637732 1.4101358 
Halomonas_campaniensis                            3.0239299 3.0183002 3.3078623 3.1935819 3.3676560 3.3787261 3.0581277 3.0588335 2.8474635 3.1993509 3.1509932 1.2235742 0.0000000 1.1815097 1.2908289 
Thioploca_ingrica                                 2.6894880 2.6752559 2.8908288 2.9240171 2.7870851 2.8147979 2.8015739 2.8123772 2.5569859 3.0466529 2.7524044 1.2637732 1.1815097 0.0000000 1.1901703 
Legionella_massiliensis                           2.8706250 2.8654984 3.3969288 3.4775816 3.4824763 3.5258992 3.4048233 3.2203832 3.0935302 3.3142730 3.3776608 1.4101358 1.2908289 1.1901703 0.0000000 
