20
HTLV       0.0000000 2.5734507 2.5801094 2.5730940 2.5939941 2.5949537 2.6247487 2.5990809 2.5930307 2.5980789 2.6384774 2.2754275 2.2660729 2.2896938 2.2854487 2.3027798 2.2708929 2.2561915 2.2910544 2.2761911 
HIV1B5     2.5734507 0.0000000 0.0138214 0.0146289 0.0299538 0.0355474 0.0555893 0.0519592 0.0474335 0.1013505 0.2050063 0.7837107 0.7817546 0.7776542 0.7661394 0.7921708 0.8015631 0.7739982 0.7677315 0.7587701 
HIV1H2     2.5801094 0.0138214 0.0000000 0.0098688 0.0299256 0.0355140 0.0545256 0.0509074 0.0473894 0.1015704 0.2037810 0.7794487 0.7781279 0.7723415 0.7621578 0.7880620 0.7988433 0.7717535 0.7551000 0.7461215 
HIV1PV     2.5730940 0.0146289 0.0098688 0.0000000 0.0319703 0.0386202 0.0566615 0.0530193 0.0505589 0.1047283 0.2028616 0.7951599 0.7928733 0.7867506 0.7751304 0.7946268 0.8153277 0.7879527 0.7701362 0.7611247 
HIV1N5     2.5939941 0.0299538 0.0299256 0.0319703 0.0000000 0.0330960 0.0442110 0.0459013 0.0424217 0.1007631 0.2022334 0.7751249 0.7744314 0.7721935 0.7587614 0.7796963 0.7935937 0.7687292 0.7494982 0.7414649 
HIV1OY     2.5949537 0.0355474 0.0355140 0.0386202 0.0330960 0.0000000 0.0546683 0.0498910 0.0466224 0.0974311 0.2029984 0.7612445 0.7601513 0.7572685 0.7439326 0.7673719 0.7813784 0.7552761 0.7436630 0.7338514 
HIV1ND     2.6247487 0.0555893 0.0545256 0.0566615 0.0442110 0.0546683 0.0000000 0.0268595 0.0692572 0.0953093 0.1965216 0.7513675 0.7615026 0.7599140 0.7357025 0.7643136 0.7727132 0.7485788 0.7430882 0.7330482 
HIV1Z2     2.5990809 0.0519592 0.0509074 0.0530193 0.0459013 0.0498910 0.0268595 0.0000000 0.0696658 0.0980723 0.1963472 0.7488134 0.7536645 0.7536724 0.7295818 0.7563960 0.7661515 0.7415318 0.7389148 0.7300696 
HIV1MN     2.5930307 0.0474335 0.0473894 0.0505589 0.0424217 0.0466224 0.0692572 0.0696658 0.0000000 0.1166332 0.2118707 0.7854487 0.7789657 0.7734139 0.7617325 0.7851442 0.7988544 0.7796023 0.7552185 0.7461974 
HIV1U4     2.5980789 0.1013505 0.1015704 0.1047283 0.1007631 0.0974311 0.0953093 0.0980723 0.1166332 0.0000000 0.2160252 0.7666890 0.7719676 0.7762388 0.7579792 0.7817989 0.7891933 0.7609664 0.7655932 0.7533083 
SIVCZ      2.6384774 0.2050063 0.2037810 0.2028616 0.2022334 0.2029984 0.1965216 0.1963472 0.2118707 0.2160252 0.0000000 0.7455575 0.7516228 0.7571341 0.7439628 0.7625780 0.7672602 0.7591905 0.7636280 0.7596564 
HIV2CA     2.2754275 0.7837107 0.7794487 0.7951599 0.7751249 0.7612445 0.7513675 0.7488134 0.7854487 0.7666890 0.7455575 0.0000000 0.0663292 0.0916525 0.0895801 0.0909742 0.1069090 0.0951845 0.1626075 0.1600980 
HIV2RO     2.2660729 0.7817546 0.7781279 0.7928733 0.7744314 0.7601513 0.7615026 0.7536645 0.7789657 0.7719676 0.7516228 0.0663292 0.0000000 0.0887680 0.0893450 0.0907195 0.1114178 0.0953766 0.1670507 0.1679293 
HIV2SB     2.2896938 0.7776542 0.7723415 0.7867506 0.7721935 0.7572685 0.7599140 0.7536724 0.7734139 0.7762388 0.7571341 0.0916525 0.0887680 0.0000000 0.0888642 0.0905566 0.1218449 0.1112264 0.1719077 0.1732338 
HIV2KR     2.2854487 0.7661394 0.7621578 0.7751304 0.7587614 0.7439326 0.7357025 0.7295818 0.7617325 0.7579792 0.7439628 0.0895801 0.0893450 0.0888642 0.0000000 0.0809240 0.1102250 0.1092155 0.1630322 0.1621299 
HIV2ST     2.3027798 0.7921708 0.7880620 0.7946268 0.7796963 0.7673719 0.7643136 0.7563960 0.7851442 0.7817989 0.7625780 0.0909742 0.0907195 0.0905566 0.0809240 0.0000000 0.1233573 0.1152342 0.1672672 0.1702674 
HIV2D1     2.2708929 0.8015631 0.7988433 0.8153277 0.7935937 0.7813784 0.7727132 0.7661515 0.7988544 0.7891933 0.7672602 0.1069090 0.1114178 0.1218449 0.1102250 0.1233573 0.0000000 0.0704934 0.1792441 0.1821711 
HIV2G1     2.2561915 0.7739982 0.7717535 0.7879527 0.7687292 0.7552761 0.7485788 0.7415318 0.7796023 0.7609664 0.7591905 0.0951845 0.0953766 0.1112264 0.1092155 0.1152342 0.0704934 0.0000000 0.1707464 0.1670179 
Smanga_S4  2.2910544 0.7677315 0.7551000 0.7701362 0.7494982 0.7436630 0.7430882 0.7389148 0.7552185 0.7655932 0.7636280 0.1626075 0.1670507 0.1719077 0.1630322 0.1672672 0.1792441 0.1707464 0.0000000 0.0165750 
Smanga_SP  2.2761911 0.7587701 0.7461215 0.7611247 0.7414649 0.7338514 0.7330482 0.7300696 0.7461974 0.7533083 0.7596564 0.1600980 0.1679293 0.1732338 0.1621299 0.1702674 0.1821711 0.1670179 0.0165750 0.0000000 
